Scaled:
0 2.896
1 3.914
2 5.038
3 3.653
4 4.178
5 3.844
6 5.481
7 5.351
8 5.162
9 6.977
10 6.470
11 5.154
12 4.980
13 4.853
14 2.621

Average: 4.705
______________________________________________
Not scaled:
0 3.766
1 4.693
2 5.652
3 5.264
4 5.441
5 4.206
6 5.888
7 5.401
8 6.062
9 7.878
10 7.673
11 5.788
12 5.297
13 5.813
14 3.197

Average: 5.468

[32.4942162981543, 41.75429787256652, 53.397800878464324, 34.07335655759213, 42.02894863288026, 37.84469137524866, 56.81201632119111, 55.8162548373446, 49.870817251652284, 70.33765383313082, 67.73530813015013, 54.79086909895521, 52.45678625152167, 50.779926658145094, 23.896468653717896]
48.27262751004766